 1 25.8736 17.1270 10.5604 10.1539  22.9214 22.7323 10.5604 10.1539  14.6071 17.1270 10.5604 10.1539  23.9659  5.8197 59.1224  9.7773
 2 13.4315  7.8197 16.3899  3.2173   9.3323  9.3762 16.3899  3.2173   7.8789  7.8197 16.3899  3.2173   7.6070  5.9484 32.5467  5.0534
 4 24.4555 15.7662 14.2418  7.4935  19.8547 22.2345 14.2418  7.4935  14.0091 15.7662 14.2418  7.4935  10.7734  5.8660 42.1297  2.2710
 5 28.1851 19.2241 10.3110  9.0392  23.4029 25.1246 10.3110  9.0392  15.2876 19.2241 10.3110  9.0392  22.9049  6.9098 55.8090  8.1506
 6 18.5766 12.9749 16.8905  5.8663  16.7372 18.9877 16.8905  5.8663  10.9402 12.9749 16.8905  5.8663   7.6497  5.1908 40.3870  9.7779
 8 17.6614 11.4751 11.9936  6.0031  13.4844 14.0759 11.9936  6.0031  10.2925 11.4751 11.9936  6.0031  11.0006  7.1092 39.9212  2.6573
 9 11.5681  5.8582 10.3292  3.5361   9.6623  6.2030 10.3292  3.5361   5.3322  5.8582 10.3292  3.5361   7.1897  4.8438 38.1421  1.4690
10 13.1481  9.2890  8.6962  4.4128  10.7907 12.0623  8.6962  4.4128   7.1693  9.2890  8.6962  4.4128  10.0578  5.2292 39.7865  2.1241
11 26.0045 12.0618 17.4164  9.0537  23.1899 18.1110 17.4164  9.0537  14.2943 12.0618 17.4164  9.0537  17.2278  4.2016 44.7155  4.4858
12 19.9374 14.5289 12.9809  5.3150  17.0563 19.9542 12.9809  5.3150  11.0280 14.5289 12.9809  5.3150  10.7936  5.3437 42.2282  3.4079
13 21.8042 13.6886 13.2289  7.3416  18.5263 18.7564 13.2289  7.3416  11.4199 13.6886 13.2289  7.3416  20.3568  5.2016 56.3596  7.9804
15 12.3640  9.2736 11.1844  6.0479  10.2578 10.5173 11.1844  6.0479   6.9291  9.2736 11.1844  6.0479   8.0205  7.8854 34.3699  4.3710
16 19.3969 15.1726  9.5711  5.3827  14.1174 18.5808  9.5711  5.3827  12.0440 15.1726  9.5711  5.3827  11.4705  7.6220 43.6046  1.5798
17 18.6871 10.5242 11.3011  7.9754  15.6338 13.1802 11.3011  7.9754   9.9754 10.5242 11.3011  7.9754  10.6889  7.7534 39.0000  2.1226
18 16.6229 11.2959  8.4015  4.9590  12.5441 13.1938  8.4015  4.9590   9.1248 11.2959  8.4015  4.9590  10.7526  9.6185 41.0417  1.5033
19 17.2899 11.2608  7.9136  5.5715  12.4109 12.0425  7.9136  5.5715  10.2767 11.2608  7.9136  5.5715  11.1757  9.7987 36.8749  1.8393
20 16.6325 10.9367 10.1198  5.1464  12.5767 12.6672 10.1198  5.1464  10.0821 10.9367 10.1198  5.1464  12.0334  8.4866 37.8666  1.4909
21 27.5609 15.8176 13.8761 11.3614  22.8316 19.9936 13.8761 11.3614  16.2390 15.8176 13.8761 11.3614  20.6142  7.3518 54.8558  6.4242
22 33.0075 19.1423 15.4155 15.7320  29.9456 26.1186 15.4155 15.7320  19.6022 19.1423 15.4155 15.7320  24.1359  5.8772 56.8971  8.8833
23 15.4216 11.1039  8.3925  6.7098  11.9751 12.6063  8.3925  6.7098   8.8912 11.1039  8.3925  6.7098  13.9832  5.9847 48.4371  4.2906
24 11.7129  7.9866 11.3494  4.8247  10.2688  9.9046 11.3494  4.8247   6.7705  7.9866 11.3494  4.8247  10.5455  4.3179 42.1632  2.7094
25 14.3646  6.7419 12.9236  5.1338  11.9687  7.6316 12.9236  5.1338   7.2956  6.7419 12.9236  5.1338   9.4263  4.8789 43.7166  5.7920
26 21.7573  9.4538 14.5107  8.8643  16.3857 11.1620 14.5107  8.8643  11.1869  9.4538 14.5107  8.8643  10.8183  7.2958 42.2836  2.4108
27 14.6324  8.8306  9.6545  5.3902  11.2113  9.6067  9.6545  5.3902   8.7503  8.8306  9.6545  5.3902  12.1425  6.8719 42.8498  1.7813
28 35.3918 22.7783 12.6365 17.6838  32.1831 31.0816 12.6365 17.6838  20.0487 22.7783 12.6365 17.6838  29.4165  5.2429 64.5066 13.4656
29 20.1581 13.0182  9.8619  7.5710  15.9234 15.9833  9.8619  7.5710  11.1114 13.0182  9.8619  7.5710  14.8022  6.8620 46.0251  3.1441
30 23.7626 16.8399 11.7397  6.3891  17.8966 19.8701 11.7397  6.3891  14.7495 16.8399 11.7397  6.3891  12.5362  9.9871 38.2589  1.7488
31 17.1350 12.2622  6.6103  5.4273  11.8533 13.8172  6.6103  5.4273   9.6603 12.2622  6.6103  5.4273  12.2151  8.9870 38.1522  1.5613
32 14.8098 10.5755 13.3839  3.7399  11.3363 13.6032 13.3839  3.7399   9.0666 10.5755 13.3839  3.7399   9.5909  6.3267 39.6453  3.2245
33  8.3977  7.5327  5.7716  2.2596   6.2312  7.8865  5.7716  2.2596   5.3762  7.5327  5.7716  2.2596  10.1564  6.2119 40.2402  1.1379
34 11.5697  7.3543 10.2405  4.4098  10.5927  8.8016 10.2405  4.4098   6.0012  7.3543 10.2405  4.4098   8.5474  5.0953 40.9010  2.8490
35 29.9537 21.9803  9.8978  9.3291  25.8419 28.6789  9.8978  9.3291  17.7808 21.9803  9.8978  9.3291  16.4968  8.0372 45.3399  5.6575
36 20.1974  9.3828 16.8200  7.6270  17.7054 12.4119 16.8200  7.6270  10.9559  9.3828 16.8200  7.6270  11.8737  5.2234 47.0545  4.8812
37 18.9923 13.0698  9.7474  5.6253  15.7026 17.2656  9.7474  5.6253  10.0882 13.0698  9.7474  5.6253  19.5043  6.3850 54.3176  6.1072
38 19.4622 14.3698  7.9649  5.5441  15.6486 15.6805  7.9649  5.5441  12.9852 14.3698  7.9649  5.5441  14.6133  8.9459 37.3600  2.4821
39 20.8180 10.7103 10.7112  9.0842  15.9609 12.3617 10.7112  9.0842  10.6644 10.7103 10.7112  9.0842  10.6587  6.7416 43.6134  1.6420
40 24.9869 15.9208 14.4682  7.6147  19.5495 20.9318 14.4682  7.6147  14.1925 15.9208 14.4682  7.6147  17.8953  7.2912 49.1192  4.8287
41 19.3087 12.0297 13.9514  6.9627  12.9742 15.0499 13.9514  6.9627  11.5370 12.0297 13.9514  6.9627  10.1336  7.6566 41.1208  1.6224
42 17.3109  9.9905 10.0449  7.2170  14.2511 11.6911 10.0449  7.2170   9.4770  9.9905 10.0449  7.2170  10.5890  7.5373 44.9512  2.2754
44 16.1420  8.1509 12.3379  5.5759  12.1166  9.5597 12.3379  5.5759   7.5802  8.1509 12.3379  5.5759  11.6006  4.7792 49.4283  3.2611
45 22.5431 15.2337 11.0075  6.7920  19.6729 20.0945 11.0075  6.7920  11.9727 15.2337 11.0075  6.7920  20.5452  5.1732 57.4715  7.4613
46 23.3088 15.7381  8.4068  6.6041  18.4714 18.3297  8.4068  6.6041  13.6312 15.7381  8.4068  6.6041  15.4757 10.1630 39.2655  2.7640
47 23.6408 15.5290  9.6290  9.6883  19.1878 19.7785  9.6290  9.6883  12.5272 15.5290  9.6290  9.6883  20.9469  6.2977 55.9680  6.8640
48 25.2940 18.5486 13.0727  9.7882  22.9758 25.5228 13.0727  9.7882  15.1521 18.5486 13.0727  9.7882  18.3649  6.8992 49.1364  6.9186
49 15.6761 11.3558 12.3363  5.2072  10.7043 12.6696 12.3363  5.2072  10.9574 11.3558 12.3363  5.2072   8.7958  6.0958 40.5486  1.1954
50 13.3036 10.3032  8.9743  6.0112  10.4424 11.7274  8.9743  6.0112   8.4872 10.3032  8.9743  6.0112  12.3724  8.0978 42.3884  4.0119
51 14.2574  9.4425 11.5984  5.0262  12.1928 11.8883 11.5984  5.0262   8.4335  9.4425 11.5984  5.0262  14.1252  4.6324 46.7681  4.4079
53 16.6340  9.8660 12.7200  6.3393  12.4068 12.0918 12.7200  6.3393   9.7598  9.8660 12.7200  6.3393   9.0717  5.7130 38.5037  1.9462
54 31.3611 15.3921 14.8990 13.3059  23.6045 19.2581 14.8990 13.3059  17.6528 15.3921 14.8990 13.3059  16.7492  5.3982 57.5414  3.4572
55 17.4968  9.8040  8.7310  5.3755  13.0842 10.9451  8.7310  5.3755   9.2031  9.8040  8.7310  5.3755   9.0617  7.9157 43.7887  3.3988
56 18.1104 13.1120  7.0255  5.5819  12.4088 13.9858  7.0255  5.5819  10.7782 13.1120  7.0255  5.5819  10.6745  9.3332 37.4598  1.4882

