fips   For 0-4 total (not just related kids) poverty ratios     For 5-17 total (not just related kids) poverty ratios                 For 18-64 poverty ratios                                    For 65+ poverty ratios
     cps98 irspr98 irsnf98    fs98   cpsse  cpsest     gvfse   cps98 irspr98 irsnf98    fs98   cpsse  cpsest     gvfse   cps98 irspr98 irsnf98    fs98   cpsse  cpsest     gvfse   cps98 irspr98 irsnf98   SSI98   cpsse  cpsest     gvfse smpsize
01 30.0431 16.6736 12.6764  9.3851  5.6332 30.0431   5.82490 21.6157 23.4257 12.6764  9.3851  4.0882 21.2020   3.79846 11.3425 16.6736 12.6764  9.3851  1.4145 11.3425   1.55091 13.4229  5.4940 54.1681  8.8982  2.0948 13.4229   2.41305     656
02 11.8260  9.9838 14.8286  5.4071  5.0972 11.8260   4.39696  9.7716 13.0702 14.8286  5.4071  2.3676  8.2874   2.92658  9.1999  9.9838 14.8286  5.4071  1.2210  9.1999   1.43078  2.8130  4.6820 34.6561  5.2223  1.9795  2.8130   1.85205     559
04 29.9611 13.8554 15.6777  5.5210  3.5779 28.4278   4.87069 24.3888 20.7462 15.6777  5.5210  2.3815 22.2783   3.41974 13.3147 13.8554 15.6777  5.5210  1.1641 13.3147   1.38517  9.6087  5.2452 43.5443  3.3477  2.3633  9.6087   2.15154     867
05 26.4217 18.2106 11.7007  9.9874  7.1287 26.4217   5.65193 13.5924 25.4514 11.7007  9.9874  2.2481 12.4380   3.02669 13.3081 18.2106 11.7007  9.9874  1.4419 13.3081   1.62585 16.9766  6.3823 51.3893  7.7916  2.6625 16.9766   3.13361     677
06 25.3507 14.2124 18.2124  6.2966  1.8191 24.6053   2.02954 22.6008 21.3692 18.2124  6.2966  1.5584 21.5934   1.49266 12.6681 14.2124 18.2124  6.2966  0.6334 12.6681   .608987  9.4291  5.2384 45.1317 12.4810  1.0062  9.4291   .959999    4525
08 15.5578 10.5999 10.9270  4.3914  4.5734 15.5578   4.24057 13.0011 13.9179 10.9270  4.3914  3.3741 12.3969   2.89139  8.2525 10.5999 10.9270  4.3914  0.9237  8.2525   1.08517  2.9409  6.2545 36.9083  3.4245  1.3211  2.9409   1.38750     779
09  6.8022  8.5445  8.7838  5.5606  3.3063  6.8022   3.51752 13.8361 11.0737  8.7838  5.5606  2.8396 13.1852   3.54615  9.5151  8.5445  8.7838  5.5606  1.8286  9.5151   1.58659  4.1801  5.1262 40.0055  2.5462  1.5160  4.1801   1.72165     540
10 16.8271 11.0453  9.4931  5.3217  7.0615 16.8271   5.60774 15.6133 15.3151  9.4931  5.3217  3.7831 15.6133   4.15594  7.9399 11.0453  9.4931  5.3217  1.4871  7.9399   1.40312  8.8649  4.5723 37.7297  2.5967  2.5681  8.8649   2.68718     503
11 43.5210 15.6799 17.7651 16.1480  9.7863 43.5210   7.28837 45.0235 26.2184 17.7651 16.1480  8.1134 45.0235   5.99098 16.3503 15.6799 17.7651 16.1480  2.1073 16.3503   2.13762 17.9602  3.9486 47.6686  7.4402  3.9565 17.9602   3.64238     528
12 24.9516 15.7900 12.1197  6.2764  3.3683 24.0131   2.78076 20.8612 22.3245 12.1197  6.2764  2.1348 19.2318   1.97748 11.2209 15.7900 12.1197  6.2764  0.7717 11.2209   .785946  8.4696  5.3674 44.2002  4.8643  0.8370  8.4696   1.04730    2691
13 18.9883 14.1954 14.0096  7.9911  5.1478 18.9883   4.55152 24.3560 20.6308 14.0096  7.9911  5.1706 24.0165   3.71621  9.7808 14.1954 14.0096  7.9911  1.4833  9.7808   1.30511 10.9622  5.6319 50.2871  8.4011  3.0801 10.9622   2.84132     794
15 16.7223 12.4676 12.8392 10.0956  4.8701 14.4789   5.65217 14.4833 15.7496 12.8392 10.0956  3.6696 14.4833   3.96936  9.7970 12.4676 12.8392 10.0956  1.5305  9.7970   1.64106  7.9912  7.0888 37.8012  5.6154  2.8171  7.9912   2.68316     438
16 27.3087 14.1154 10.4640  4.6504  8.5081 26.9416   5.42007 17.3467 17.9551 10.4640  4.6504  4.9226 16.9645   3.50344 10.2642 14.1154 10.4640  4.6504  1.9376 10.2642   1.45869  7.5153  7.6689 40.4755  2.0872  2.0107  7.5153   2.00122     742
17 16.4137 11.3694 11.6308  6.9321  2.2110 15.5668   2.63597 12.6820 15.6196 11.6308  6.9321  1.6527 11.5603   1.75042  8.0028 11.3694 11.6308  6.9321  0.6917  8.0028   .723321 11.6131  6.6642 39.2917  3.8595  1.7556 11.6131   1.58079    2061
18 10.1569 11.2276  8.4083  5.0548  3.1688 10.1569   3.65460 12.4888 14.4885  8.4083  5.0548  2.6240 10.0814   3.04253  8.4453 11.2276  8.4083  5.0548  1.1709  8.4453   1.22353  8.6023  9.0889 38.5812  1.9278  2.0048  8.6023   2.17338     668
19 18.2991 10.3226  7.7189  4.5571  5.2652 17.4224   4.92586 14.3649 12.4303  7.7189  4.5571  3.2444 12.4274   3.31239  7.0432 10.3226  7.7189  4.5571  0.9927  7.0432   1.22921  5.9729  7.5368 35.7124  1.9572  1.5081  5.9729   1.80236     647
20 12.2781 10.5403 10.7802  4.3333  3.2675 11.2677   4.02514 13.1002 13.4825 10.7802  4.3333  2.7128 11.7551   3.20074  8.0733 10.5403 10.7802  4.3333  1.0565  8.0733   1.20256  9.2663  7.5718 36.0030  2.0148  2.2803  9.2663   2.50305     665
21 24.5877 15.5675 13.2434 10.0736  5.5377 24.5877   5.41750 16.5451 21.5779 13.2434 10.0736  2.6477 16.5451   3.20646 11.4043 15.5675 13.2434 10.0736  1.4058 11.4043   1.50060 14.1694  7.0783 51.3426  8.0200  2.6632 14.1694   2.84222     651
22 27.7840 18.1597 15.0637 11.8743  6.4904 27.7840   5.43787 29.6290 25.5175 15.0637 11.8743  4.7110 29.6290   4.21002 15.2113 18.1597 15.0637 11.8743  1.5977 15.2113   1.57238 16.2767  5.3478 53.4763  9.5218  2.6319 16.2767   3.12355     689
23 19.4094 12.4724  9.5188  8.8047  5.7867 18.0174   5.46298 12.1728 15.5490  9.5188  8.8047  3.8841 10.9757   3.41190  7.4096 12.4724  9.5188  8.8047  1.1146  7.4096   1.33140 17.1376  6.2980 46.0056  3.7851  3.4003 17.1376   3.20960     550
24  3.9028  9.7626 11.4906  5.4790  2.3483  3.9028   2.67848  8.8098 13.0789 11.4906  5.4790  2.9125  7.7872   2.84470  6.4232  9.7626 11.4906  5.4790  1.2967  6.4232   1.22433  9.9272  4.4123 40.8626  4.1793  2.9242  9.9272   2.82954     550
25  9.8908  8.6798 11.0822  4.3363  3.1063  9.8908   2.82188 14.9949 11.2040 11.0822  4.3363  2.2211 14.2976   2.45635  6.9050  8.6798 11.0822  4.3363  0.7760  6.9050   .835219  7.5878  4.9205 43.7493  5.8042  1.5162  7.5878   1.54264    1203
26 16.5165 11.2610 12.2428  7.1755  3.0363 16.2484   2.96489 15.1120 15.8323 12.2428  7.1755  1.8639 14.3240   2.05511  8.8512 11.2610 12.2428  7.1755  0.8179  8.8512   .829783 10.1725  7.1377 39.3256  3.1436  1.6439 10.1725   1.58429    1665
27 22.8248  8.7863  7.5021  4.4327  4.4244 21.8285   5.14151 12.4643 10.7462  7.5021  4.4327  2.9484 11.9380   2.96462  7.9457  8.7863  7.5021  4.4327  1.0950  7.9457   1.19063 10.1662  6.7153 37.7761  2.5812  1.7932 10.1662   2.49896     681
28 27.4997 19.0750 14.4444 10.6877  5.3393 27.4997   5.86831 19.5088 26.8163 14.4444 10.6877  3.5574 19.2040   3.83910 15.2891 19.0750 14.4444 10.6877  1.6739 15.2891   1.76569 19.5416  5.0699 59.1650 13.2037  3.5869 19.5416   3.52612     589
29 18.3811 13.2756 10.1425  7.4398  6.2802 18.3811   5.19511 14.2530 17.6607 10.1425  7.4398  3.8271 13.9962   3.49148  7.8175 13.2756 10.1425  7.4398  1.5809  7.8175   1.31321  7.9311  6.9001 42.7594  3.4330  2.9309  7.9311   2.46524     579
30 24.0292 17.3238 11.3166  6.9308  4.6885 23.2495   5.17258 21.8678 21.7513 11.3166  6.9308  5.2512 20.6426   3.88345 14.9433 17.3238 11.3166  6.9308  1.8568 14.9433   1.66225  9.5848  9.8099 36.2132  2.2522  1.9562  9.5848   2.30890     718
31 19.9634 11.5653  6.4185  5.6725  4.2453 19.3904   4.83483 14.5875 14.0398  6.4185  5.6725  2.8454 14.5875   3.11723 10.7471 11.5653  6.4185  5.6725  1.1957 10.7471   1.35331 10.3577  8.7298 34.9154  1.9285  2.9197 10.3577   2.75499     688
32 14.6526 11.0785 10.8973  3.5775  4.5163 13.7622   4.42743 12.8037 15.2345 10.8973  3.5775  2.5058 12.3152   2.93348  9.3401 11.0785 10.8973  3.5775  1.3564  9.3401   1.29697  8.9606  6.1385 38.0855  3.2983  2.0620  8.9606   2.23558     731
33 17.2486  7.9400  5.9568  3.1631  5.2644 17.2486   5.41538 13.4781  8.8436  5.9568  3.1631  4.1127 12.3123   3.54479  7.6275  7.9400  5.9568  3.1631  1.3673  7.6275   1.38169  9.4161  5.9813 39.5580  1.3904  2.6504  9.4161   2.80697     500
34  8.5705  9.4289 10.1923  4.8344  2.1214  8.5705   2.31992 13.3246 12.2859 10.1923  4.8344  2.4220 12.9941   2.21294  7.3549  9.4289 10.1923  4.8344  0.8358  7.3549   .824011  7.5383  5.8909 40.0163  4.4821  1.4881  7.5383   1.42243    1499
35 33.0028 20.6975 11.5784 10.3185  5.0996 32.6355   4.95519 23.9069 28.2987 11.5784 10.3185  3.7059 23.0193   3.28793 18.0324 20.6975 11.5784 10.3185  1.6888 18.0324   1.54853 16.1695  7.1309 43.8967  7.5450  2.1889 16.1695   2.64262     912
36 24.0855 13.3524 15.6753  8.5926  2.2835 22.7887   2.38322 24.3911 19.0414 15.6753  8.5926  1.7364 23.1347   1.78722 13.7644 13.3524 15.6753  8.5926  0.8101 13.7644   .736821 14.7307  5.4996 47.7394  8.9243  1.6630 14.7307   1.34778    3287
37 20.8219 13.1296 10.3968  6.5108  2.9623 20.3318   3.65511 21.5664 18.5730 10.3968  6.5108  2.6027 19.9832   2.75793 11.6241 13.1296 10.3968  6.5108  1.1335 11.6241   1.12041 11.3720  5.3500 50.3339  6.7184  2.7156 11.3720   2.05715    1269
38 30.3345 13.3479  7.0039  5.2899  6.1974 30.3345   5.79962 17.0189 15.4495  7.0039  5.2899  2.3995 16.4358   3.31108 12.6184 13.3479  7.0039  5.2899  1.5515 12.6184   1.62968 14.4274  9.0244 34.7402  2.6485  3.1582 14.4274   2.81208     637
39 21.8332 11.6886  9.1228  5.8401  3.5213 20.3596   3.15021 16.3696 15.1834  9.1228  5.8401  1.9467 14.8318   2.11393  8.7096 11.6886  9.1228  5.8401  0.5896  8.7096   .730211  9.1153  5.7702 42.6684  2.5671  1.4803  9.1153   1.32526    1874
40 17.0594 16.8061 14.1339  8.2408  6.1173 17.0594   4.63356 19.6750 23.7650 14.1339  8.2408  3.1380 18.5949   3.58974 12.8848 16.8061 14.1339  8.2408  1.3712 12.8848   1.49833  9.6973  7.3513 46.3978  4.7435  2.6310  9.6973   2.43243     760
41 27.0626 12.1335 13.4547  6.8209  3.9983 26.0343   5.56143 19.2760 16.9690 13.4547  6.8209  3.2115 18.5754   3.73224 13.1889 12.1335 13.4547  6.8209  1.1102 13.1889   1.55194  9.8331  6.5951 39.6972  2.5799  3.1488  9.8331   2.49502     637
42 17.6639 11.7286  8.4793  7.0862  3.2019 17.3724   2.75925 18.1788 15.2519  8.4793  7.0862  2.2380 16.9301   2.07514  9.2441 11.7286  8.4793  7.0862  0.8250  9.2441   .807059  7.8027  7.0258 43.9604  3.5143  1.3502  7.8027   1.23034    2086
44 15.7007 10.7373 10.6458  7.4799  5.4430 15.7007   5.11535 20.2174 14.0334 10.6458  7.4799  5.1297 19.4789   4.26330  8.9593 10.7373 10.6458  7.4799  1.6059  8.9593   1.49486  9.7191  5.0736 49.3767  4.8877  2.4182  9.7191   2.57678     530
45 18.8057 15.1197 12.3624  8.1536  5.2896 18.8057   5.59231 17.8173 21.2756 12.3624  8.1536  3.4110 16.5251   3.64760 11.6475 15.1197 12.3624  8.1536  1.7216 11.6475   1.63714 14.7375  5.0652 51.3244  7.2240  3.7394 14.7375   3.29261     543
46 18.2753 14.5568  7.3664  6.0726  5.4708 18.2753   4.99030  9.1261 17.7450  7.3664  6.0726  2.4882  9.1261   3.04015  9.9946 14.5568  7.3664  6.0726  1.7696  9.9946   1.73622 12.9079  9.5759 35.3986  3.3298  3.0172 12.9079   2.86759     638
47 28.4887 15.0347 10.0229  9.4757  5.0970 28.4887   5.69130 14.4375 20.4228 10.0229  9.4757  2.1935 14.1005   3.25807 11.7900 15.0347 10.0229  9.4757  1.7613 11.7900   1.53802 12.0561  5.9138 51.5248  7.1164  2.5649 12.0561   2.73210     656
48 25.6778 17.0372 14.0261  7.2541  2.3803 24.7018   2.63214 20.2678 24.3697 14.0261  7.2541  1.8103 19.5873   1.74195 12.0915 17.0372 14.0261  7.2541  0.7556 12.0915   .756545 13.4154  6.4246 48.1310  8.1750  1.4134 13.4154   1.46410    2777
49 18.2462 10.6365 10.6450  4.2244  4.7007 17.7831   5.07637 12.0820 12.3049 10.6450  4.2244  2.8920 11.7434   3.21467  6.8852 10.6365 10.6450  4.2244  1.1260  6.8852   1.32146  5.2170  5.4363 37.1718  1.9278  2.0468  5.2170   1.96528     601
50 17.4270 11.8121  8.2383  7.5988  6.1725 17.4270   5.57736 13.1430 14.1438  8.2383  7.5988  2.6906  9.1531   3.74650  8.3850 11.8121  8.2383  7.5988  1.3496  8.3850   1.48104  8.4055  8.3877 39.9336  4.5066  2.8588  8.4055   2.67310     484
51 11.5695 10.8486 11.5631  5.3862  4.4697 11.5695   3.75610  7.8442 15.0363 11.5631  5.3862  1.7136  7.2702   2.42638  8.2554 10.8486 11.5631  5.3862  1.1064  8.2554   1.19489 11.4265  4.6599 42.9979  5.2014  3.7775 11.4265   2.64817     749
53 10.8052 10.4665 12.1012  5.5661  3.5560 10.8052   3.80913 11.1978 14.0624 12.1012  5.5661  2.7949 10.6773   2.93515  8.2016 10.4665 12.1012  5.5661  0.9175  8.2016   1.30009  7.5639  4.9985 37.3416  3.3981  2.1809  7.5639   2.32389     683
54 31.3287 16.8563 14.3661 13.9493  7.3699 31.3287   5.85245 25.9515 23.3952 14.3661 13.9493  3.5704 25.4984   4.07602 15.3815 16.8563 14.3661 13.9493  1.3917 15.3815   1.65924 15.6890  5.2921 55.1261  5.1287  3.7187 15.6890   2.99142     682
55 19.3195  9.3786  7.0702  3.4846  6.4007 17.8181   4.95057 11.4681 11.9762  7.0702  3.4846  2.8548  9.9594   3.05044  7.4168  9.3786  7.0702  3.4846  1.1801  7.4168   1.20475  5.8833  7.2354 38.9066  2.5874  1.4111  5.8833   1.84213     707
56 20.0939 14.0309  6.8363  4.9839  4.8834 19.2028   5.12685 13.0644 16.6361  6.8363  4.9839  3.0904 10.7034   3.11729  9.0196 14.0309  6.8363  4.9839  0.9907  9.0196   1.34552  9.4631  8.5781 34.5245  3.0101  3.4536  9.4631   2.63419     640
